tm = 0.1;
tmr = 0.05;
tmr2 = 0.025;
Point(1) = {0.0, 0.0, 0.0, tm};
Point(2) = {4.0, 0.0, 0.0, tm};
Point(3) = {4.0, 2.0, 0.0, tm};
Point(4) = {0.0, 2.0, 0.0, tm};
Point(5) = {0.9550000000000001,1.3277777777777777,0.0,tmr};
Point(6) = {0.9366666666666666,1.3203703703703704,0.0,tmr};
Point(7) = {0.9216666666666666,1.3074074074074074,0.0,tmr};
Point(8) = {0.9083333333333333,1.2944444444444445,0.0,tmr};
Point(9) = {0.8933333333333333,1.2740740740740741,0.0,tmr};
Point(10) = {0.8816666666666666,1.2537037037037038,0.0,tmr};
Point(11) = {0.8683333333333334,1.2351851851851852,0.0,tmr};
Point(12) = {0.8566666666666667,1.2148148148148148,0.0,tmr};
Point(13) = {0.8483333333333334,1.1944444444444444,0.0,tmr};
Point(14) = {0.8433333333333333,1.175925925925926,0.0,tmr};
Point(15) = {0.8433333333333333,1.1537037037037037,0.0,tmr};
Point(16) = {0.8566666666666667,1.1388888888888888,0.0,tmr};
Point(17) = {0.8733333333333333,1.1296296296296298,0.0,tmr};
Point(18) = {0.895,1.125925925925926,0.0,tmr};
Point(19) = {0.915,1.125925925925926,0.0,tmr};
Point(20) = {0.935,1.125925925925926,0.0,tmr};
Point(21) = {0.9550000000000001,1.125925925925926,0.0,tmr};
Point(22) = {0.9783333333333333,1.125925925925926,0.0,tmr};
Point(23) = {0.9966666666666666,1.1277777777777778,0.0,tmr};
Point(24) = {1.0150000000000001,1.1351851851851853,0.0,tmr};
Point(25) = {1.0316666666666667,1.1481481481481481,0.0,tmr};
Point(26) = {1.0466666666666666,1.1648148148148147,0.0,tmr};
Point(27) = {1.0566666666666666,1.1833333333333333,0.0,tmr};
Point(28) = {1.0583333333333333,1.2018518518518517,0.0,tmr};
Point(29) = {1.0583333333333333,1.224074074074074,0.0,tmr};
Point(30) = {1.0483333333333333,1.2462962962962962,0.0,tmr};
Point(31) = {1.0383333333333333,1.2685185185185186,0.0,tmr};
Point(32) = {1.0283333333333333,1.2907407407407407,0.0,tmr};
Point(33) = {1.0083333333333333,1.3037037037037038,0.0,tmr};
Point(34) = {0.9933333333333334,1.3129629629629629,0.0,tmr};
Point(35) = {0.9766666666666667,1.3203703703703704,0.0,tmr};
Point(36) = {0.9616666666666667,1.3296296296296295,0.0,tmr};
Line(1) = {1, 2};
Line(2) = {2, 3};
Line(3) = {3, 4};
Line(4) = {4, 1};
Line(5) = {5,6};
Line(6) = {6,7};
Line(7) = {7,8};
Line(8) = {8,9};
Line(9) = {9,10};
Line(10) = {10,11};
Line(11) = {11,12};
Line(12) = {12,13};
Line(13) = {13,14};
Line(14) = {14,15};
Line(15) = {15,16};
Line(16) = {16,17};
Line(17) = {17,18};
Line(18) = {18,19};
Line(19) = {19,20};
Line(20) = {20,21};
Line(21) = {21,22};
Line(22) = {22,23};
Line(23) = {23,24};
Line(24) = {24,25};
Line(25) = {25,26};
Line(26) = {26,27};
Line(27) = {27,28};
Line(28) = {28,29};
Line(29) = {29,30};
Line(30) = {30,31};
Line(31) = {31,32};
Line(32) = {32,33};
Line(33) = {33,34};
Line(34) = {34,35};
Line(35) = {35,36};
Line(36) = {36,5};
Curve Loop(1) = {1,2,3,4};
Curve Loop(2) = {5, 6, 7, 8, 9, 10, 11, 12, 13, 14, 15, 16, 17, 18, 19, 20, 21, 22, 23, 24, 25, 26, 27, 28, 29, 30, 31, 32, 33, 34, 35, 36};
Plane Surface(1) = {1, 2};
Physical Line('Entrada') = {4};
Physical Line('Salida') = {2};
Physical Line('ParedArriba') = {3};
Physical Line('ParedAbajo') = {1};
Physical Surface('Interior') = {1};
Mesh 2;
Mesh.SurfaceFaces = 1;
Mesh.Points= 1;
Save "Mesh.vtk";